-12.073
12.073
-15.93
7.4764
-17.9963
3.38675
-18.8148
0.820795
-18.9461
3.72529e-007
-18.9461
3.72529e-007
-18.9461
3.72529e-007
-18.9461
3.72529e-007
-18.9461
3.72529e-007
-18.9461
3.72529e-007
-18.9461
3.72529e-007
-18.9461
3.72529e-007
-18.9461
3.72529e-007
-18.9461
3.72529e-007
-18.9461
3.72529e-007
-18.9461
3.72529e-007
-18.9461
3.72529e-007
-18.9461
3.72529e-007
-18.9461
3.72529e-007
-18.9461
3.72529e-007
-18.9461
3.72529e-007
-18.9461
3.72529e-007
-18.9461
3.72529e-007
-18.9461
3.72529e-007
-18.9461
3.72529e-007
-18.8417
-0.0521977
-18.5253
-0.131297
-17.9454
-0.311196
-17.0992
-0.585257
-16.0863
-0.922893
-14.7332
-1.45263
-13.097
-1.9471
-11.2628
-2.24613
-9.48292
-2.06623
-8.17853
-1.41404
-7.39863
-0.634137
-7.04547
-0.104396
-6.99327
2.08616e-007
-6.99327
2.08616e-007
-6.99327
2.08616e-007
-6.99327
2.08616e-007
-6.99327
2.08616e-007
-6.99327
2.08616e-007
-6.99327
2.08616e-007
-7.04547
0.104396
-7.39863
0.634137
-8.17853
1.41404
-9.48292
2.06623
-11.0829
2.06623
-12.5672
1.59394
-13.8769
1.1672
-15.0863
0.922894
-16.2429
0.870696
-17.4156
0.664358
-18.3454
0.311197
-18.8417
0.0521984
-18.8148
-0.820795
-17.9963
-3.38675
-15.93
-7.4764
-12.073
-12.073
-7.4764
15.93
-9.95351
9.95351
-11.3675
4.55946
-11.9006
1.13719
-11.9528
3.72529e-007
-11.9528
3.72529e-007
-11.9528
3.72529e-007
-11.9528
3.72529e-007
-11.9528
3.72529e-007
-11.9528
3.72529e-007
-11.9528
3.72529e-007
-11.9528
3.72529e-007
-11.9528
3.72529e-007
-11.9528
3.72529e-007
-11.9528
3.72529e-007
-11.9528
3.72529e-007
-11.9528
3.72529e-007
-11.9528
3.72529e-007
-11.9528
3.72529e-007
-11.9528
3.72529e-007
-11.9528
3.72529e-007
-11.9528
3.72529e-007
-11.9528
3.72529e-007
-11.8484
-0.0521977
-11.3521
-0.311196
-10.4224
-0.664357
-9.19746
-0.975091
-7.7399
-1.45263
-6.10369
-1.9471
-4.19045
-2.56253
-2.12512
-3.23895
-0.168522
-3.89114
1.99128
-4.49114
4.54444
-3.9614
5.97653
-2.47711
6.62873
-1.17271
6.91417
-0.316399
6.99327
2.68221e-007
6.99327
2.68221e-007
6.99327
2.68221e-007
6.99327
2.68221e-007
6.99327
2.68221e-007
6.99327
2.68221e-007
6.99327
2.68221e-007
6.91417
0.316399
6.62873
1.17271
5.97653
2.47711
4.59663
3.85701
2.34444
3.9614
0.611377
3.11125
-0.82072
2.58675
-2.59045
2.56253
-4.79929
2.59929
-6.96
2.23253
-8.8443
1.50483
-10.3702
0.768754
-11.2999
-0.825998
-11.2631
-4.50726
-9.95351
-9.95351
-7.4764
-15.93
-3.38675
17.9963
-4.55946
11.3675
-5.1936
5.1936
-5.3735
1.24159
-5.3735
3.72529e-007
-5.3735
3.72529e-007
-5.3735
3.72529e-007
-5.3735
3.72529e-007
-5.3735
3.72529e-007
-5.3735
3.72529e-007
-5.3735
3.72529e-007
-5.3735
3.72529e-007
-5.3735
3.72529e-007
-5.3735
3.72529e-007
-5.3735
3.72529e-007
-5.3735
3.72529e-007
-5.3735
3.72529e-007
-5.3735
3.72529e-007
-5.3735
3.72529e-007
-5.3735
3.72529e-007
-5.2691
-0.0521977
-4.9527
-0.131297
-4.3728
-0.311196
-3.47446
-0.689653
-2.16059
-1.45263
-0.380696
-2.23253
1.85911
-2.91569
4.27429
-3.41884
6.41078
-3.89114
8.57058
-4.89114
11.1237
-5.3614
12.5558
-5.47711
13.208
-6.37271
13.4935
-5.5164
13.5726
-3
13.5726
-1.4
13.5726
-0.4
13.5726
2.08616e-007
13.5726
2.08616e-007
13.5726
2.08616e-007
13.5726
2.08616e-007
13.5726
2.08616e-007
13.5726
2.08616e-007
13.5726
2.08616e-007
13.5726
0.4
13.5726
1.4
13.5726
3
13.5726
5.2
13.4935
5.5164
13.208
4.17271
12.5036
3.9815
10.7706
4.89114
7.79068
5.27104
4.92649
4.72324
2.14455
3.77201
-0.405993
2.60113
-2.58139
0.342342
-4.01096
-4.42484
-4.27517
-11.1354
-3.38675
-17.9963
-0.820795
18.8148
-1.13719
11.9006
-1.24159
5.3735
-1.24159
1.24159
-1.24159
3.72529e-007
-1.24159
3.72529e-007
-1.24159
3.72529e-007
-1.24159
3.72529e-007
-1.24159
3.72529e-007
-1.24159
3.72529e-007
-1.24159
3.72529e-007
-1.24159
3.72529e-007
-1.24159
3.72529e-007
-1.24159
3.72529e-007
-1.24159
3.72529e-007
-1.24159
3.72529e-007
-1.24159
3.72529e-007
-1.24159
3.72529e-007
-1.13719
-0.0521977
-0.640896
-0.311196
0.288845
-0.664357
1.51375
-0.975091
2.97131
-1.45263
4.68662
-2.26349
6.8062
-3.41884
9.23829
-4.54334
11.9226
-5.67104
14.9025
-5.89114
16.6355
-5.5815
17.2608
-6.68911
17.2608
-6.68911
16.6877
-5.47711
15.3078
-5.25701
13.1078
-4.25701
11.7279
-2.47711
11.0758
-1.17271
10.7903
-0.316399
10.7112
1.04308e-007
10.7112
1.04308e-007
10.7112
1.04308e-007
10.7112
1.04308e-007
10.7112
1.04308e-007
10.7112
1.04308e-007
10.7112
1.04308e-007
10.7903
0.316399
11.0758
1.17271
11.7279
2.47711
13.1078
3.85701
15.3078
4.25701
16.6877
3.87711
17.2608
4.48911
17.2608
6.68911
16.6355
7.78151
14.9025
7.49115
11.7427
6.85094
8.42426
5.5286
4.99935
2.94715
2.00951
-2.69327
0.0822003
-10.6812
-0.588699
-18.5305
3.72529e-007
18.9461
7.30157e-007
11.9528
1.92225e-006
5.3735
-9.38773e-007
1.24159
9.68575e-007
3.72529e-007
9.68575e-007
3.72529e-007
9.68575e-007
3.72529e-007
9.68575e-007
3.72529e-007
9.68575e-007
3.72529e-007
9.68575e-007
3.72529e-007
9.68575e-007
3.72529e-007
9.68575e-007
3.72529e-007
9.68575e-007
3.72529e-007
9.68575e-007
3.72529e-007
9.68575e-007
3.72529e-007
9.68575e-007
3.72529e-007
0.104397
-0.0521977
0.600695
-0.311196
1.58263
-0.768753
3.10851
-1.50483
4.9928
-2.23253
7.23261
-2.91569
9.64779
-3.41884
11.7843
-4.29114
13.9441
-5.89114
16.4972
-6.9614
17.8502
-7.99351
18.217
-7.54542
17.8502
-5.79351
16.4972
-5.3614
13.9441
-4.89114
11.7843
-3.89114
9.82769
-3.23895
7.94225
-2.38263
6.55875
-1.41404
5.77885
-0.634137
5.42569
-0.104396
5.3735
1.49012e-008
5.3735
1.49012e-008
5.3735
1.49012e-008
5.3735
1.49012e-008
5.3735
1.49012e-008
5.3735
1.49012e-008
5.3735
1.49012e-008
5.42569
0.104396
5.77885
0.634137
6.55875
1.41404
7.86315
2.06623
9.54225
2.38263
11.1321
2.58675
12.5642
3.51125
14.2972
5.3614
16.4703
7.17341
17.5126
8.95422
16.9795
9.66386
14.471
9.1727
9.87304
7.03145
5.49314
0.519641
2.36383
-8.7808
0.664358
-17.8156
3.72529e-007
18.9461
7.30157e-007
11.9528
1.92225e-006
5.3735
-9.38773e-007
1.24159
9.68575e-007
3.72529e-007
9.68575e-007
3.72529e-007
9.68575e-007
3.72529e-007
9.68575e-007
3.72529e-007
9.68575e-007
3.72529e-007
9.68575e-007
3.72529e-007
9.68575e-007
3.72529e-007
9.68575e-007
3.72529e-007
9.68575e-007
3.72529e-007
9.68575e-007
3.72529e-007
9.68575e-007
3.72529e-007
0.284296
-0.232097
1.18263
-0.768753
2.79211
-1.58393
4.9675
-2.60113
7.51805
-3.77201
10.3
-4.72324
13.1642
-5.67104
16.1441
-5.89114
17.798
-5.8979
18.217
-7.54542
17.8502
-7.99351
16.4972
-6.9614
13.9441
-5.89114
11.7843
-4.29114
9.82769
-3.23895
7.76235
-2.56253
5.84911
-1.9471
4.2129
-1.45263
2.85974
-0.922893
1.95123
-0.533059
1.42149
-0.179899
1.24159
0
1.24159
0
1.24159
0
1.24159
0
1.24159
0
1.24159
0
1.24159
0
1.24159
0
1.24159
0
1.42149
0.179899
1.95123
0.533059
2.80754
0.818497
3.85974
0.922893
5.06921
1.1672
6.45795
1.91033
8.22769
3.23895
10.4799
4.94334
13.0329
7.09184
15.1943
9.47789
14.8611
12.2579
11.7085
12.0042
6.79394
4.81594
3.01603
-6.0764
0.949795
-16.5593
3.72529e-007
18.9461
7.30157e-007
11.9528
1.92225e-006
5.3735
-9.38773e-007
1.24159
9.68575e-007
3.72529e-007
9.68575e-007
3.72529e-007
9.68575e-007
3.72529e-007
9.68575e-007
3.72529e-007
9.68575e-007
3.72529e-007
9.68575e-007
3.72529e-007
9.68575e-007
3.72529e-007
9.68575e-007
3.72529e-007
9.68575e-007
3.72529e-007
0.104397
-0.0521977
0.652893
-0.415593
1.93579
-1.29849
3.96751
-2.60113
6.66173
-4.05744
9.77025
-5.4764
12.9843
-6.85094
16.1441
-7.49114
17.798
-8.0979
18.217
-7.54542
17.798
-5.8979
16.1441
-5.89114
13.1642
-5.67104
10.4799
-4.54334
8.04779
-3.41885
5.92821
-2.26349
4.2129
-1.45263
2.85974
-0.922893
1.84683
-0.585258
1.00069
-0.311197
0.420795
-0.131298
0.104396
-0.0521981
0
0
0
0
0
0
0
0
0
0
0
0
0
0
0
0
0
0
0
0
0
0
0.104396
0.0521981
0.420795
0.131298
0.820795
0.131298
1.31709
0.232097
2.00343
0.637456
3.2129
1.45263
5.0719
2.54893
7.38675
4.5928
9.35019
8.10999
10.2525
12.6952
9.58744
15.2435
6.2041
9.28104
2.96789
-3.22459
0.975092
-15.1907
3.72529e-007
18.9461
7.30157e-007
11.9528
1.92225e-006
5.3735
-9.38773e-007
1.24159
9.68575e-007
3.72529e-007
9.68575e-007
3.72529e-007
9.68575e-007
3.72529e-007
9.68575e-007
3.72529e-007
9.68575e-007
3.72529e-007
9.68575e-007
3.72529e-007
9.68575e-007
3.72529e-007
0.104397
-0.0521977
0.600695
-0.311196
1.58263
-0.768753
3.18761
-1.82123
5.35734
-3.40525
8.17025
-5.4764
11.6799
-7.50314
15.2851
-8.58744
17.1594
-9.48396
17.5126
-8.95422
16.4181
-7.2778
13.9441
-5.89114
11.7843
-4.29114
9.64779
-3.41885
7.23261
-2.91569
4.9928
-2.23253
3.2129
-1.45263
1.89903
-0.689654
1.00069
-0.311197
0.316399
-0.0790998
-0.316399
0.0790998
-0.820795
0.131298
-1.13719
0.0521981
-1.24159
0
-1.13719
-0.0521981
-0.820795
-0.131298
-0.420795
-0.131298
-0.104396
-0.0521981
0
0
0
0
0
0
0
0
0
0
0
0
0
0
0
0
0
0
0
0
0
0
0.104396
0.0521981
0.600694
0.311197
1.58263
0.768753
3.05631
2.64203
4.58744
6.61209
5.78835
12.1474
5.97956
16.57
4.69114
11.9706
2.76665
-1.00062
1.1672
-13.8769
3.72529e-007
18.9461
7.30157e-007
11.9528
1.92225e-006
5.3735
-9.38773e-007
1.24159
9.68575e-007
3.72529e-007
9.68575e-007
3.72529e-007
9.68575e-007
3.72529e-007
9.68575e-007
3.72529e-007
9.68575e-007
3.72529e-007
9.68575e-007
3.72529e-007
0.284296
-0.232097
1.18263
-0.768753
2.79211
-1.58393
4.9675
-2.60113
7.51805
-4.17201
10.3
-6.12324
13.0851
-8.58744
15.7795
-10.8639
16.8082
-10.363
15.7795
-8.66386
13.0851
-6.98744
10.4799
-4.94334
8.04779
-3.41885
5.92821
-2.26349
4.2129
-1.45263
2.75535
-0.975091
1.53043
-0.664357
0.600694
-0.311197
0.104396
-0.0521981
-0.284295
0.232097
-1.13043
0.664357
-2.38675
0.949795
-3.70315
0.870695
-4.66386
0.533059
-5.0137
2.98023e-008
-4.66386
-0.533059
-3.70315
-0.870695
-2.38675
-0.949795
-1.13043
-0.664357
-0.284295
-0.232097
0
0
0
0
0
0
0
0
0
0
0
0
0
0
0
0
0
0
0
0
0
0
0
0
0.104396
0.0521981
0.652892
1.44839
1.8836
5.14831
3.30315
11.053
4.2979
16.5564
4.27711
13.1558
3.11124
0.611377
1.59393
-12.5672
3.72529e-007
18.9461
7.30157e-007
11.9528
1.92225e-006
5.3735
-9.38773e-007
1.24159
9.68575e-007
3.72529e-007
9.68575e-007
3.72529e-007
9.68575e-007
3.72529e-007
9.68575e-007
3.72529e-007
9.68575e-007
3.72529e-007
0.336494
-0.336493
1.53579
-1.29849
3.65111
-2.68023
6.55734
-4.10964
9.77025
-5.4764
12.9052
-7.16734
15.7795
-8.66386
16.8082
-10.363
15.7795
-10.8639
13.0851
-8.58744
10.3
-6.12324
7.51805
-4.17201
5.0719
-2.54893
3.2129
-1.45263
1.89903
-0.689654
1.00069
-0.311197
0.420795
-0.131298
0.104396
-0.0521981
-0.104396
0.0521981
-0.652892
0.415593
-1.93579
1.29849
-3.8884
2.28473
-6.2972
2.88473
-8.75351
2.59929
-10.5354
1.48954
-11.1421
1.49012e-008
-10.5354
-1.48954
-8.75351
-2.59929
-6.1928
-2.93693
-3.57201
-2.36383
-1.53579
-1.29849
-0.336493
-0.336493
0
0
0
0
0
0
0
0
0
0
0
0
0
0
0
0
0
0
0
0
0
0
0
0
0.131298
0.820795
0.922893
3.85974
2.38263
9.54225
4.25701
15.3078
5.5164
13.4935
3.9614
2.34444
2.06623
-11.0829
3.72529e-007
18.9461
7.30157e-007
11.9528
1.92225e-006
5.3735
-9.38773e-007
1.24159
9.68575e-007
3.72529e-007
9.68575e-007
3.72529e-007
9.68575e-007
3.72529e-007
9.68575e-007
3.72529e-007
0.336494
-0.336493
1.61489
-1.61489
3.93654
-3.53654
7.20954
-5.81404
11.1501
-7.8563
15.1052
-8.76734
17.1072
-9.58835
17.1072
-9.58835
15.2851
-8.58744
11.6799
-7.50314
8.17025
-5.4764
5.35734
-3.40525
3.18761
-1.82123
1.58263
-0.768753
0.600694
-0.311197
0.104396
-0.0521981
0
0
0
0
-0.284295
0.232097
-1.18263
0.768753
-2.87121
1.90033
-5.25294
3.45744
-8.17025
5.0764
-11.6799
6.10314
-15.3642
5.27104
-17.4449
2.79485
-18.1126
-2.23517e-007
-17.4449
-2.79485
-15.1843
-5.45094
-11.0457
-6.5085
-6.89314
-5.49314
-3.53654
-3.53654
-1.29849
-1.53579
-0.232097
-0.284295
0
0
0
0
0
0
0
0
0
0
0
0
0
0
0
0
0
0
0
0
0
0
0.131298
0.420795
0.818497
2.80754
2.06623
7.86315
3.85701
13.1078
5.2
13.5726
3.85701
4.59663
2.06623
-9.48292
3.72529e-007
18.9461
7.30157e-007
11.9528
1.92225e-006
5.3735
-9.38773e-007
1.24159
9.68575e-007
3.72529e-007
9.68575e-007
3.72529e-007
9.68575e-007
3.72529e-007
0.336494
-0.336493
1.61489
-1.61489
3.93654
-3.93654
7.20954
-6.81404
11.071
-9.7727
14.8197
-11.8237
16.455
-10.8927
15.7273
-8.76825
12.9052
-7.16734
9.77025
-5.4764
6.66173
-4.05744
3.9675
-2.60113
1.93579
-1.29849
0.652892
-0.415593
0.104396
-0.0521981
0
0
0
0
0
0
-0.232097
0.284295
-1.21939
1.21939
-3.25111
2.68023
-6.24094
4.58874
-9.66585
6.5286
-12.9843
8.45094
-16.1441
9.69114
-17.8771
7.78151
-18.5815
3.77271
-18.7879
-1.04308e-007
-18.5293
-3.87711
-17.3441
-8.49114
-14.5501
-11.0563
-9.87304
-9.87304
-5.49314
-6.89314
-2.36383
-3.57201
-0.664357
-1.13043
-0.0521981
-0.104396
0
0
0
0
0
0
0
0
0
0
0
0
0
0
0
0
0
0
0
0
0.0521981
0.104396
0.533059
1.95123
1.41404
6.55875
2.47711
11.7279
3
13.5726
2.47711
5.97653
1.41404
-8.17853
3.72529e-007
18.9461
7.30157e-007
11.9528
1.92225e-006
5.3735
-9.38773e-007
1.24159
9.68575e-007
3.72529e-007
9.68575e-007
3.72529e-007
0.232098
-0.284295
1.29849
-1.53579
3.53654
-3.93654
6.81404
-7.20954
10.6812
-10.6812
14.1153
-13.2324
14.722
-12.8024
12.7474
-9.54815
10.2209
-6.43964
7.51805
-4.17201
4.9675
-2.60113
2.79211
-1.58393
1.18263
-0.768753
0.284295
-0.232097
0
0
0
0
0
0
0
0
-0.0521981
0.104396
-0.664357
1.13043
-2.36383
3.17201
-5.49314
5.89314
-9.79393
8.58944
-14.1856
10.029
-16.3273
10.9683
-16.1327
10.3341
-14.2703
7.17341
-13.0486
3.56071
-12.6819
-1.04308e-007
-12.9173
-3.9815
-13.3996
-8.84375
-13.5334
-13.5334
-11.0563
-14.5501
-6.5085
-11.0457
-2.93693
-6.1928
-0.949795
-2.38675
-0.131298
-0.420795
0
0
0
0
0
0
0
0
0
0
0
0
0
0
0
0
0
0
0
0
0
0
0.179899
1.42149
0.634137
5.77886
1.17271
11.0758
1.4
13.5726
1.17271
6.62873
0.634137
-7.39863
3.72529e-007
18.9461
7.30157e-007
11.9528
1.92225e-006
5.3735
-9.38773e-007
1.24159
9.68575e-007
3.72529e-007
0.0521989
-0.104396
0.768754
-1.18263
2.68023
-3.65111
5.81404
-7.20954
9.7727
-11.071
13.2324
-14.1153
13.7622
-13.7622
11.2631
-10.3802
8.09115
-6.7928
5.35734
-3.80525
3.18761
-1.82123
1.58263
-0.768753
0.600694
-0.311197
0.104396
-0.0521981
0
0
0
0
0
0
0
0
0
0
-0.131298
0.420795
-0.949795
2.38675
-2.91163
5.8242
-6.47754
10.1103
-11.2563
13.3501
-14.1915
12.8667
-14.31
10.31
-11.7285
7.74404
-8.87988
4.94334
-6.97549
2.48235
-6.34241
3.72529e-007
-6.84419
-3.30315
-7.93009
-7.93009
-8.84375
-13.3996
-8.49114
-17.3441
-5.45094
-15.1843
-2.59929
-8.75351
-0.870695
-3.70315
-0.131298
-0.820795
0
0
0
0
0
0
0
0
0
0
0
0
0
0
0
0
0
0
0
0
0
0
0
1.24159
0.104396
5.42569
0.316399
10.7903
0.4
13.5726
0.316399
6.91417
0.104397
-7.04547
3.72529e-007
18.9461
7.30157e-007
11.9528
1.92225e-006
5.3735
-9.38773e-007
1.24159
9.68575e-007
3.72529e-007
0.415594
-0.652892
1.90033
-2.87121
4.50964
-6.55734
8.1727
-11.071
11.9281
-14.7675
12.8024
-14.722
10.3802
-11.2631
7.18263
-7.18263
4.25294
-3.85744
2.01489
-1.61489
0.548496
-0.363395
-0.316399
0.0790998
-0.716399
0.0790998
-0.716399
-0.0790998
-0.420795
-0.131298
-0.104396
-0.0521981
0
0
0
0
0
0
-0.131298
0.820795
-0.690796
3.52325
-2.01735
8.24376
-4.52699
14.2378
-7.55464
16.4851
-8.39554
13.2919
-7.86992
8.94761
-6.24614
5.11034
-4.0719
2.54893
-2.35659
1.1672
-1.70578
3.72529e-007
-2.30439
-2.30439
-3.40754
-6.79199
-4.2979
-12.8382
-4.27711
-18.5293
-3.11125
-17.524
-1.59393
-10.5876
-0.533059
-4.66386
-0.0521981
-1.13719
0
0
0
0
0
0
0
0
0
0
0
0
0
0
0
0
0
0
0
0
0
0
0
1.24159
-4.47035e-008
5.3735
1.19209e-007
10.7112
4.47035e-008
13.5726
7.15256e-007
6.99327
-2.98023e-007
-6.99327
3.72529e-007
18.9461
7.30157e-007
11.9528
1.92225e-006
5.3735
-9.38773e-007
1.24159
0.232098
-0.284295
1.29849
-1.93579
3.45744
-5.25294
6.4764
-9.77025
9.62365
-14.8197
11.4225
-16.1019
9.72805
-12.5675
6.7928
-8.09115
3.85744
-4.25294
1.61489
-1.61489
0.0521981
-0.104396
-1.13043
0.664357
-2.20685
0.769896
-2.99351
0.337636
-3.0979
-0.285438
-2.52325
-0.690796
-1.53043
-0.664357
-0.600694
-0.311197
-0.104396
-0.0521981
0
0
0
1.0328
0
3.95422
3.72529e-008
9.22249
-0.179899
15.922
-0.634137
17.8116
-1.27711
13.5695
-1.7164
8.39399
-1.57271
3.83612
-0.950535
1.05305
-0.284293
0.232097
9.68575e-007
3.72529e-007
-0.284298
-1.47369
-0.846141
-5.91015
-1.25631
-12.3964
-1.3164
-18.867
-0.960709
-18.4502
-0.529741
-11.4952
-0.179899
-5.1936
0
-1.24159
0
0
0
0
0
0
0
0
0
0
0
0
0
0
0
0
0
0
0
0
0
0
0
1.24159
-4.47035e-008
5.3735
1.19209e-007
10.7112
4.47035e-008
13.5726
7.15256e-007
6.99327
-2.98023e-007
-6.99327
3.72529e-007
18.9461
7.30157e-007
11.9528
1.92225e-006
5.3735
0.052197
1.13719
0.768754
-1.18263
2.60113
-3.9675
5.4764
-8.17025
8.76734
-12.9052
10.8927
-16.455
9.54815
-14.9474
6.7928
-9.69114
3.85744
-5.25294
1.61489
-2.01489
0
2.23517e-008
-1.53579
1.29849
-3.51981
2.25943
-5.78744
2.30279
-7.56825
1.18526
-7.9181
-0.652198
-6.74815
-1.96516
-4.83621
-2.18034
-2.79211
-1.58393
-1.18263
-0.768753
-0.284295
-0.232097
0.131298
0.820795
0.690796
3.52325
1.96516
8.34815
3.99393
14.9474
5.96071
17.7458
5.38869
14.5036
3.90921
9.28524
2.34824
4.3831
0.980755
1.31393
0.156596
0.156595
9.68575e-007
3.72529e-007
0.284296
-1.47369
0.846137
-5.91015
1.25631
-12.3964
1.3164
-18.867
0.96071
-18.4502
0.529741
-11.4952
0.179899
-5.1936
0
-1.24159
0
0
0
0
0
0
0
0
0
0
0
0
0
0
0
0
0
0
0
0
0
0
0
1.24159
-4.47035e-008
5.3735
1.19209e-007
10.7112
4.47035e-008
13.5726
7.15256e-007
6.99327
-2.98023e-007
-6.99327
3.72529e-007
18.9461
7.30157e-007
11.9528
1.92225e-006
5.3735
0.311196
0.640896
1.58393
-2.79211
4.05744
-6.66173
7.50314
-11.6799
10.8639
-15.7795
10.9683
-15.7273
7.81954
-11.6008
4.45744
-6.66174
1.90033
-2.87121
0.0790997
-0.316399
-1.61489
1.61489
-3.93654
3.53654
-7.13044
5.09764
-10.7856
5.28359
-14.1153
2.86944
-14.722
-1.3799
-12.5675
-4.17383
-9.58675
-4.8122
-6.24094
-4.18874
-3.25111
-2.68023
-1.21939
-1.21939
-0.100799
0.1365
0.949795
2.38675
2.78033
6.245
5.78674
11.6008
9.47104
15.9642
10.5475
15.8586
8.49595
11.4952
5.87824
6.53044
3.57744
3.02535
2.08253
0.953855
1.65359
-0.104396
2.30439
-2.30439
3.40754
-6.79199
4.2979
-12.8382
4.27711
-18.5293
3.11125
-17.524
1.59394
-10.5876
0.533059
-4.66386
0.0521981
-1.13719
0
0
0
0
0
0
0
0
0
0
0
0
0
0
0
0
0
0
0
0
0
0
0
1.24159
-4.47035e-008
5.3735
1.19209e-007
10.7112
4.47035e-008
13.5726
7.15256e-007
6.99327
-2.98023e-007
-6.99327
3.72529e-007
18.9461
7.30157e-007
11.9528
0.0521999
5.2691
0.768752
-0.341043
2.60113
-4.9675
5.4764
-9.77025
8.58744
-15.2851
10.363
-16.8082
8.58744
-13.0851
5.4764
-8.17025
2.60113
-3.9675
0.536656
-0.898338
-1.2463
1.4314
-3.53654
3.93654
-6.89314
6.89314
-11.0457
9.1085
-15.1843
9.25094
-17.4449
4.99485
-18.1126
-2.2
-17.265
-6.77475
-14.6545
-8.4041
-10.1894
-8.19394
-5.89314
-5.89314
-2.68023
-3.25111
-0.716555
-1.07824
0.612159
1.02604
2.28473
3.88841
5.1286
8.06585
8.8041
12.4545
11.7482
15.5474
11.5622
13.7622
10.0632
8.82045
8.14859
4.95535
6.69005
2.02604
6.26331
-0.316399
6.84419
-3.30315
7.93009
-7.93009
8.84375
-13.3996
8.49114
-17.3441
5.45094
-15.1843
2.59929
-8.75351
0.870695
-3.70315
0.131298
-0.820795
0
0
0
0
-0.104396
0.0521981
-0.420795
0.131298
-0.716399
0.0790998
-0.716399
-0.0790998
-0.420795
-0.131298
-0.104396
-0.0521981
0
0
0
0
0
0
0
1.24159
-4.47035e-008
5.3735
1.19209e-007
10.7112
4.47035e-008
13.5726
7.15256e-007
6.99327
-2.98023e-007
-6.99327
3.72529e-007
18.9461
7.30157e-007
11.9528
0.415595
4.7206
1.82123
-1.94602
4.172
-7.51805
7.16734
-12.9052
9.58835
-17.1072
8.66386
-15.7795
6.12324
-10.3
3.40525
-5.35734
1.2463
-1.8314
-0.43226
0.84614
-2.36383
3.57201
-5.41404
7.20954
-9.5085
11.0457
-13.6125
13.217
-15.312
11.1754
-14.9494
5.25701
-15.1558
-1.4843
-16.1441
-7.09114
-15.6265
-11.4318
-12.8812
-12.8812
-8.19394
-10.1894
-4.18874
-6.24094
-1.58393
-2.79211
-0.0790998
-0.316399
1.29849
1.93579
3.53654
4.93654
6.81404
8.80954
10.6812
12.8812
14.1675
13.128
15.1273
9.96825
13.9327
6.53412
12.9695
2.87711
12.6819
-0.4
12.9173
-3.9815
13.3996
-8.84376
13.5334
-13.5334
11.0563
-14.5501
6.5085
-11.0457
2.93693
-6.1928
0.949795
-2.38675
0.131298
-0.420795
-0.104396
0.0521981
-0.600694
0.311197
-1.53043
0.664357
-2.52325
0.690796
-3.0979
0.285438
-2.99351
-0.337636
-2.20685
-0.769896
-1.13043
-0.664357
-0.284295
-0.232097
0
0
0
0
0
1.24159
-4.47035e-008
5.3735
1.19209e-007
10.7112
4.47035e-008
13.5726
7.15256e-007
6.99327
-2.98023e-007
-6.99327
3.72529e-007
18.9461
0.232098
11.6685
1.2985
3.4377
3.40525
-4.11575
6.12324
-10.3
8.66385
-15.7795
9.58835
-17.1072
7.16734
-12.9052
4.17201
-7.51805
1.82123
-3.18761
0.284295
-0.232097
-0.949795
2.38675
-2.93693
6.1928
-6.4563
11.1501
-10.6509
15.1843
-12.4003
14.843
-11.3153
10.2759
-10.0129
4.6337
-9.69838
-0.968597
-10.5476
-6.26992
-11.51
-11.51
-11.4318
-15.6265
-8.4041
-14.6545
-4.8122
-9.58675
-2.18034
-4.83621
-0.664357
-1.53043
0.363395
0.548496
1.90033
2.47121
4.58874
5.24094
8.58943
8.19394
13.3501
9.4563
16.5642
9.27104
18.1762
7.00685
18.8148
3.0208
18.867
-0.316399
18.5293
-3.87711
17.3441
-8.49114
14.5501
-11.0563
9.87304
-9.87304
5.49314
-6.89314
2.36383
-3.57201
0.664357
-1.13043
-0.232097
0.127701
-1.18263
0.768753
-2.79211
1.58393
-4.83621
2.18034
-6.74815
1.96516
-7.9181
0.652198
-7.56825
-1.18526
-5.78744
-2.30279
-3.51981
-2.25943
-1.53579
-1.29849
-0.336493
-0.336493
0
0
0
1.24159
-4.47035e-008
5.3735
1.19209e-007
10.7112
4.47035e-008
13.5726
7.15256e-007
6.99327
-2.98023e-007
-6.99327
0.0521985
18.8417
0.664358
10.8224
2.28473
1.48509
5.0764
-6.92865
8.27104
-13.1642
10.2586
-16.8604
8.58744
-15.2851
5.4764
-9.77024
2.60113
-4.9675
0.768754
-1.58263
-0.0790998
0.716399
-0.870695
3.70315
-2.4949
8.70131
-5.13454
15.1052
-7.91125
17.524
-7.81772
14.0118
-6.43964
8.62089
-4.98788
3.58859
-4.3817
-0.737636
-4.85744
-5.25294
-5.86991
-10.5476
-6.77475
-16.065
-6.67035
-17.2128
-4.17383
-12.5675
-1.96516
-6.74815
-0.690796
-2.52325
-0.0790998
-0.316399
0.689654
0.866234
2.39479
2.39479
5.24094
4.18874
8.80954
5.41404
12.4545
5.8041
15.9642
4.67104
17.798
2.26511
18.1648
-0.104396
17.4449
-2.79485
15.1843
-5.45094
11.0457
-6.5085
6.89314
-5.49314
3.53654
-3.53654
1.29849
-1.53579
-1.49012e-008
0
-1.21939
1.21939
-3.25111
2.68023
-6.24094
4.18874
-9.58675
4.8122
-12.5675
4.17383
-14.722
1.3799
-14.1153
-2.86944
-10.6812
-5.33579
-6.81404
-5.17674
-3.53654
-3.53654
-1.29849
-1.53579
-0.232097
-0.284295
0
1.24159
-4.47035e-008
5.3735
1.19209e-007
10.7112
4.47035e-008
13.5726
7.15256e-007
6.99327
-2.98023e-007
-6.99327
0.131298
18.5253
0.949795
9.56606
2.88473
-0.9237
6.10314
-10.4383
9.69114
-16.1441
10.2297
-16.1849
7.32324
-11.8598
4.05744
-6.66174
1.58393
-2.79211
0.311197
-0.600694
-0.0521981
1.13719
-0.353161
4.48396
-0.959798
10.1823
-1.93853
17.1594
-2.87711
18.5293
-3.02079
13.255
-2.35261
7.32865
-1.1238
2.33129
0.114148
-1.16425
0.570874
-4.77154
0.347802
-9.61928
-0.523586
-14.8181
-1.67026
-17.7594
-1.2
-14.5421
-0.652198
-7.91809
-0.285438
-3.0979
-0.0790998
-0.716399
0.179899
0.179899
0.866234
0.689654
2.39211
1.58393
4.57201
2.36383
7.04911
2.65149
9.28325
2.24613
10.7153
1.30964
11.1421
5.96046e-008
10.5354
-1.48954
8.75351
-2.59929
6.1928
-2.93693
3.57201
-2.36383
1.53579
-1.29849
0.284295
-0.232097
-0.768753
1.18263
-2.68023
3.25111
-5.89314
5.89314
-10.1894
8.19394
-14.6545
8.4041
-17.265
6.77475
-18.1126
2.2
-17.265
-5.17475
-14.5501
-9.6563
-9.87304
-9.47304
-5.49314
-6.89314
-2.36383
-3.57201
-0.664357
-1.13043
-0.0521981
1.13719
-4.47035e-008
5.3735
1.19209e-007
10.7112
4.47035e-008
13.5726
7.15256e-007
6.99327
-2.98023e-007
-6.99327
0.131298
18.1253
0.975092
8.19746
2.91569
-3.45911
5.67104
-14.1226
8.0979
-17.798
7.2778
-14.2181
4.94334
-8.87988
2.54893
-4.0719
0.768754
-1.18263
0.0521981
-0.104396
0.0521981
1.13719
0.353161
4.48396
0.779899
10.3622
1.3044
17.4604
1.6
18.7879
1.3044
13.3341
1.11639
6.78582
1.88895
0.937031
3.65111
-2.68023
5.78858
-5.69227
7.09002
-9.72751
7.09114
-13.9441
5.95464
-16.4851
3.2226
-13.5856
1.23746
-7.46386
0.337636
-2.99351
0.0790998
-0.716399
-0.104396
0.0521981
-0.316399
0.183496
-0.115705
0.390297
0.814036
0.585258
2.28235
0.739397
3.70315
0.766299
4.66386
0.533059
5.0137
2.98023e-008
4.66386
-0.533059
3.70315
-0.870695
2.38675
-0.949795
1.13043
-0.664357
0.284295
-0.232097
-0.311197
0.600694
-1.58393
2.79211
-4.18874
6.24094
-8.19394
10.1894
-12.8812
12.8812
-15.6265
11.4318
-16.1441
7.09114
-15.1036
1.3799
-14.312
-6.01885
-13.5815
-12.4398
-10.7354
-14.2337
-6.1921
-10.9666
-2.83253
-6.1406
-0.949795
-2.38675
-0.131298
0.820795
-4.47035e-008
5.3735
1.19209e-007
10.7112
4.47035e-008
13.5726
7.15256e-007
6.99327
-2.98023e-007
-6.99327
0.232098
17.629
1.1672
6.88359
2.76665
-5.57869
4.51125
-16.2824
5.34542
-18.217
4.51125
-12.5642
2.76665
-6.74339
1.1672
-2.35659
0.232097
-0.284295
0
0
0.131298
0.820795
0.818497
3.80754
2.14174
9.23105
4.17475
16.065
6.07711
18.5293
5.5935
14.0129
5.14944
6.66499
5.70558
-0.244541
7.62513
-5.16114
10.8389
-8.457
13.6003
-10.843
13.3352
-13.1522
10.2563
-13.3501
5.62122
-9.8249
2.38189
-5.47104
0.6655
-2.15465
-0.469396
-0.109598
-1.53043
0.664357
-2.52325
0.690796
-3.0979
0.285438
-2.99351
-0.23324
-2.10245
-0.559498
-0.70964
-0.533059
0.5365
-0.258999
1.13719
-0.0521981
1.13719
-0.0521981
0.820795
-0.131298
0.420795
-0.131298
0.104396
-0.0521981
-0.0521981
0.104396
-0.664357
1.53043
-2.18034
4.83621
-4.8122
9.58675
-8.4041
14.6545
-11.4318
15.6265
-11.51
11.51
-10.5476
6.26992
-9.28279
0.315704
-8.24391
-6.68411
-7.6764
-13.13
-6.82694
-17.1606
-4.17383
-14.7675
-1.96516
-8.34815
-0.690796
-3.52325
-0.131298
0.420795
-4.47035e-008
5.3735
1.19209e-007
10.7112
4.47035e-008
13.5726
7.15256e-007
6.99327
-2.98023e-007
-6.99327
0.53306
16.9948
1.59393
5.57395
3.11124
-7.19068
4.27711
-17.2877
4.19351
-17.8502
2.98675
-11.1321
1.4836
-5.14831
0.336493
-1.36929
0
0
0
0
0.131298
0.420795
0.870695
2.70315
2.59929
7.15351
5.45094
12.9843
8.54334
17.2397
9.32821
14.6491
9.47989
6.54334
10.2984
-1.5358
12.2651
-7.8891
14.9996
-11.6438
15.8176
-11.6546
13.817
-10.2125
9.39394
-8.58944
5.17674
-5.81404
1.97514
-2.88771
-0.518276
-0.361681
-2.73991
1.47954
-4.83621
2.18034
-6.74815
1.96516
-8.09799
0.832097
-8.09799
-0.832097
-6.74815
-1.96516
-4.83621
-2.18034
-2.79211
-1.58393
-1.18263
-0.768753
-0.284295
-0.232097
0
0
0
0
0
0
-0.131298
0.420795
-0.690796
2.52325
-1.96516
6.74815
-4.17383
12.5675
-6.77475
17.265
-7.09115
16.1441
-6.26992
10.5476
-4.83735
4.83735
-2.87121
-1.32946
-1.18263
-7.70433
-0.284295
-13.596
4.17233e-007
-18.1126
-1.3411e-007
-16.1019
2.98023e-008
-9.22249
7.45058e-009
-3.95422
0
0.208792
-4.47035e-008
5.3735
1.19209e-007
10.7112
4.47035e-008
13.5726
7.15256e-007
6.99327
-2.98023e-007
-6.99327
0.818497
16.1385
2.06623
4.08965
3.9614
-8.92374
5.5164
-17.6254
4.25701
-16.5494
2.38263
-9.54225
0.922893
-3.85974
0.131298
-0.820795
0
0
0
0
0.0521981
0.104396
0.664357
1.53043
2.28473
4.8884
5.1286
9.66585
8.9354
14.2337
12.518
13.3406
13.6851
5.95464
14.5849
-2.8755
15.7659
-9.7494
15.2064
-11.8519
12.6197
-9.62365
9.58675
-6.845
6.24094
-4.58874
3.01901
-2.39594
0
3.72529e-008
-3.01901
2.39593
-6.24094
4.18874
-9.58675
4.8122
-12.6197
4.27823
-15.0751
1.90964
-15.0751
-1.90964
-12.6197
-4.27823
-9.69114
-4.76
-6.55734
-4.10964
-3.65111
-2.68023
-1.53579
-1.29849
-0.336493
-0.336493
0
0
0
0
-0.0790998
0.716399
-0.285438
3.0979
-0.652198
7.91809
-1.3799
14.722
-2.2
18.1126
-1.3799
15.1036
-0.315704
9.28279
1.32946
2.87121
3.44185
-3.44185
5.3092
-9.18085
6.5614
-14.2972
6.59485
-17.4449
4.17383
-14.7675
1.96516
-8.34815
0.690796
-3.52325
0.131298
0.420795
-4.47035e-008
5.3735
1.19209e-007
10.7112
4.47035e-008
13.5726
7.15256e-007
6.99327
-2.98023e-007
-6.99327
0.818497
15.1385
2.06623
2.48965
3.85701
-11.1759
5.2
-17.7045
3.85701
-14.3494
2.06623
-7.86315
0.818497
-2.80754
0.131298
-0.420795
0
0
0
0
0
0
0.311197
0.600694
1.58393
2.79211
4.18874
6.24094
8.27304
9.47304
13.1666
9.9921
16.1474
4.99393
16.7541
-3.5044
15.2329
-8.65025
11.6799
-8.70314
8.17025
-6.4764
5.25294
-3.85744
2.81901
-1.79593
0.413879
0.41388
-2.39593
3.01901
-5.89314
5.89314
-10.1894
8.19394
-14.6545
8.4041
-17.3441
7.09115
-18.4502
3.16071
-18.4502
-3.16071
-17.524
-6.91125
-15.1843
-8.05094
-11.0457
-7.9085
-6.89314
-5.89314
-3.53654
-3.53654
-1.29849
-1.53579
-0.232097
-0.284295
0
0
0.0790998
0.716399
0.337636
2.99351
1.18526
7.56825
2.86944
14.1153
5.17475
17.265
6.01885
14.312
6.68411
8.24391
7.70433
1.18263
9.18085
-5.30921
10.8578
-10.8578
12.0318
-15.0265
10.2509
-15.1843
6.1399
-11.071
2.83253
-6.1406
0.949795
-2.38675
0.131298
0.820795
-4.47035e-008
5.3735
1.19209e-007
10.7112
4.47035e-008
13.5726
7.15256e-007
6.99327
-2.98023e-007
-6.99327
0.637456
14.23
1.73043
1.10616
2.87711
-12.5558
3.3164
-17.6254
2.5815
-12.9173
1.41404
-6.55875
0.533059
-1.95123
0.0521981
-0.104396
0
0
0
0
0
0
0.0521981
0.104396
0.768753
1.18263
2.68023
3.25111
5.81404
5.17674
9.7727
5.51683
13.2324
2.69286
13.5823
-2.1598
10.7334
-5.17919
7.23483
-5.04544
4.25294
-3.45744
2.01489
-1.61489
0.341695
0.185101
-1.47954
2.73991
-4.18874
6.24094
-8.19394
10.1894
-12.8812
12.8812
-15.6265
11.4318
-16.1441
7.49114
-15.2349
2.80069
-15.2871
-2.6963
-16.4972
-6.9614
-16.4064
-10.6519
-14.1856
-12.229
-9.79394
-10.1894
-5.49314
-6.89314
-2.36383
-3.57201
-0.664357
-1.13043
-0.0521981
-0.104396
0.131298
0.420795
0.769896
2.20685
2.30279
5.78744
5.33579
10.6812
9.6563
14.5501
12.4398
13.5815
13.13
7.6764
13.596
0.284295
14.2972
-6.5614
15.0265
-12.0318
13.5334
-13.5334
9.5085
-11.0457
5.41404
-7.20954
2.36383
-3.57201
0.664357
-1.13043
0.0521981
1.13719
-0.104396
5.42569
-0.316399
10.7903
-0.4
13.5726
-0.316398
6.91417
-0.104396
-7.04547
0.814037
13.3471
1.80685
0.0408211
2.57271
-13.208
2.57271
-17.3399
1.80685
-11.912
0.814036
-5.59896
0.179899
-1.42149
-0.104396
0.0521981
-0.420795
0.131298
-0.820795
0.131298
-1.0328
0
-0.820795
-0.131298
-0.188698
0.152997
1.115
1.1672
3.11981
2.25943
5.47104
2.38189
7.28396
1.05756
7.38835
-1.00536
5.78744
-2.30279
3.51981
-2.25943
1.53579
-1.29849
0.284295
-0.232097
-0.664357
1.53043
-2.18034
4.83621
-4.8122
9.58675
-8.4041
14.6545
-11.4318
15.6265
-11.51
11.51
-10.4685
6.58631
-9.41294
2.22491
-9.49204
-1.90851
-10.7539
-5.73
-12.1622
-10.2056
-12.8116
-14.2466
-10.6041
-14.6545
-6.1921
-10.9666
-2.83253
-6.1406
-0.949795
-2.38675
-0.131298
-0.420795
0.0521981
0.104396
0.664357
1.13043
2.25943
3.51981
5.17674
6.81404
9.47304
9.87304
14.2337
10.7354
17.1606
6.82694
18.1126
2.38419e-007
17.4449
-6.59485
15.1843
-10.2509
11.0457
-9.5085
6.89314
-6.89314
3.53654
-3.93654
1.29849
-1.53579
0.232097
-0.284295
-0.179899
1.42149
-0.634137
5.77886
-1.17271
11.0758
-1.4
13.5726
-1.17271
6.62873
-0.634137
-7.39863
1.30964
12.4395
2.16071
-0.83324
2.6
-13.4144
2.16071
-16.7668
1.30964
-10.9779
0.53306
-4.76825
-0.232097
-0.905097
-1.13043
0.664357
-2.38675
0.949795
-3.52325
0.690796
-3.95422
0
-3.52325
-0.690796
-2.38675
-0.949795
-0.84614
-0.43226
0.84614
0.43226
2.20685
0.769896
2.99351
0.337636
2.99351
-0.337636
2.20685
-0.769896
1.13043
-0.664357
0.284295
-0.232097
-0.131298
0.420795
-0.690796
2.52325
-1.96516
6.74815
-4.17383
12.5675
-6.77475
17.265
-7.09115
16.1441
-6.26992
10.5476
-5.12164
5.27824
-4.05384
1.53158
-4.05384
-1.13158
-5.22604
-4.22604
-6.58631
-8.86851
-7.49115
-13.9441
-7.09115
-17.3441
-4.27823
-14.8197
-1.96516
-8.34815
-0.690796
-3.52325
-0.131298
-0.820795
0
0
0.232097
0.284295
1.29849
1.53579
3.53654
3.53654
6.89314
5.49314
10.9666
6.1921
14.7675
4.17383
16.1019
0
14.7675
-4.17383
11.071
-6.1399
7.20954
-5.41404
3.93654
-3.53654
1.61489
-1.61489
0.336493
-0.336493
-0.0521981
0.104396
-0.533059
1.95123
-1.41404
6.55875
-2.47711
11.7279
-3
13.5726
-2.47711
5.97653
-1.41404
-8.17853
1.2522
11.6682
2.05016
-1.62674
2.52289
-13.1558
0.8635
-15.5411
-0.457014
-10.1539
-1.04843
-4.13541
-2.00519
0.166502
-3.6764
2.31163
-6.1406
2.83253
-8.34815
1.96516
-9.22249
2.98023e-008
-8.34815
-1.96516
-6.1406
-2.83253
-3.57201
-2.36383
-1.4314
-1.2463
0.0843019
-0.205195
0.716399
0.0790998
0.716399
-0.0790998
0.420795
-0.131298
0.104396
-0.0521981
0
0
-0.0790998
0.716399
-0.285438
3.0979
-0.652198
7.91809
-1.3799
14.722
-2.3044
18.1648
-1.80069
15.2349
-1.3686
9.69838
-1.00184
4.407
-0.60429
0.964089
-0.705092
-0.467791
-1.24614
-3.19753
-1.57271
-8.10855
-1.4208
-13.855
-0.960709
-18.4502
-0.529741
-16.455
-0.179899
-9.40239
7.45058e-009
-3.95422
0
-1.0328
0
0
0
0
0.336493
0.336493
1.53579
1.29849
3.57201
2.36383
6.1406
2.83253
8.34815
1.96516
9.22249
5.96046e-008
8.34815
-1.96516
6.1406
-2.83253
3.57201
-2.36383
1.53579
-1.29849
0.336493
-0.336493
0
0
-0.131298
0.420795
-0.818497
2.80754
-2.06623
7.86315
-3.85701
13.1078
-5.2
13.5726
-3.85701
4.59663
-2.06623
-9.48292
0.119139
11.3778
-0.214035
-2.21474
-1.09114
-11.9706
-3.42695
-13.3547
-4.73412
-9.36411
-5.3162
-3.45208
-6.19735
1.53182
-8.07577
4.72438
-11.2509
5.96
-14.7675
4.17383
-16.1019
1.49012e-008
-14.7675
-4.17383
-11.071
-6.1399
-7.31393
-5.36184
-4.25294
-3.45744
-2.01489
-1.61489
-0.652892
-0.415593
-0.104396
-0.0521981
0
0
0
0
0
0
0.0790998
0.716399
0.337636
2.99351
1.18526
7.56825
2.68954
14.2952
4.46511
17.798
4.40069
15.2349
3.52931
10.0651
2.31148
4.83374
1.03296
1.36613
0.572188
-0.496298
1.48474
-3.5241
2.68841
-8.71215
4.00069
-14.6349
4.76071
-18.4502
3.21404
-15.7273
1.612
-8.87789
0.638598
-3.62764
0.131298
-0.820795
0
0
0
0
0
0
0.284295
0.232097
1.13043
0.664357
2.38675
0.949795
3.52325
0.690796
3.95422
0
3.52325
-0.690796
2.38675
-0.949795
1.13043
-0.664357
0.284295
-0.232097
0
0
0
0
-0.131298
0.820795
-0.818497
3.80754
-2.06623
9.46315
-3.85701
15.3078
-5.2
13.5726
-3.85701
2.39663
-2.06623
-11.0829
-1.52289
12.3385
-4.03139
-0.276209
-8.0041
-9.28104
-10.7031
-11.6383
-11.2848
-8.89251
-11.3653
-3.08703
-11.6819
2.6
-13.1241
7.19281
-15.7695
9.43691
-17.4971
6.49045
-18.1126
-2.23517e-007
-17.4449
-6.59485
-15.3642
-10.071
-11.6799
-9.10314
-8.17025
-6.4764
-5.25294
-3.85744
-2.87121
-1.90033
-1.18263
-0.768753
-0.284295
-0.232097
0
0
0
0
0.131298
0.420795
0.769896
2.20685
2.25059
5.89184
4.93043
11.3153
8.47104
15.9642
9.69114
16.1441
7.96622
11.8484
5.69834
6.71034
3.80954
2.74105
3.27662
-0.929741
4.40594
-5.04614
6.25974
-10.4008
7.81772
-16.2118
7.91124
-17.524
5.13454
-12.9052
2.4949
-7.10131
0.870695
-2.70315
0.131298
-0.420795
0
0
0
0
0
0
0
0
0.104396
0.0521981
0.420795
0.131298
0.820795
0.131298
1.0328
0
0.820795
-0.131298
0.420795
-0.131298
0.104396
-0.0521981
0
0
0
0
0
0
-0.0521981
1.13719
-0.533059
4.66386
-1.41404
10.7675
-2.47711
16.6877
-3
13.5726
-2.47711
1.01674
-1.41404
-12.3873
-2.38189
14.475
-5.70032
4.0443
-10.5939
-4.81594
-14.4719
-9.65566
-16.7099
-8.4965
-17.1759
-3.26419
-16.3815
2.77271
-16.5494
8.65701
-15.9763
10.045
-14.4285
6.14061
-13.8281
-1.04308e-007
-14.3494
-6.45701
-15.5596
-11.3221
-15.1273
-12.1683
-12.6197
-9.62365
-9.58675
-6.845
-6.24094
-4.58874
-3.25111
-2.68023
-1.21939
-1.21939
-0.232097
-0.284295
0
0
0.0521981
0.104396
0.664357
1.13043
2.18034
3.83621
4.8122
7.98675
8.4041
12.4545
11.4318
15.6265
11.4578
13.8144
10.1154
8.71605
8.63305
4.00481
8.10855
-1.17271
8.86851
-6.58631
10.31
-12.11
10.9683
-16.3273
8.45094
-15.1843
5.0764
-9.77024
2.28473
-4.8884
0.664357
-1.53043
0.0521981
-0.104396
0
0
0
0
0
0
0
0
0
0
0
0
0
0
0
0
0
0
0
0
0
0
0
0
0
0
0
0
0
1.24159
-0.179899
5.1936
-0.634137
11.5474
-1.17271
17.3399
-1.4
13.5726
-1.17271
0.364537
-0.634137
-13.1672
-1.974
16.6826
-4.52454
7.84316
-8.09314
-0.519641
-12.0337
-5.69381
-15.7807
-6.00684
-17.4604
-3.5044
-17.1594
1.93853
-15.2851
7.15464
-11.912
7.41885
-9.36434
4.59281
-8.47309
-1.04308e-007
-9.36434
-4.99281
-11.8329
-9.13524
-14.9474
-11.7482
-15.8176
-11.6546
-13.817
-10.2125
-9.39394
-8.58944
-5.17674
-5.81404
-2.25943
-3.11981
-0.664357
-1.13043
-0.0521981
-0.104396
0
0
0.232097
0.284295
1.29849
1.93579
3.53654
4.93654
6.81404
8.80954
10.6812
12.8812
14.1675
13.128
15.2064
9.65185
14.2972
4.9614
13.7759
-1.1044
13.9441
-7.49114
14.2466
-12.8117
12.229
-14.1856
7.9085
-11.0457
4.10964
-6.55734
1.58393
-2.79211
0.311197
-0.600694
0
0
0
0
-0.104396
0.0521981
-0.420795
0.131298
-0.820795
0.131298
-1.13719
0.0521981
-1.13719
-0.0521981
-0.820795
-0.131298
-0.420795
-0.131298
-0.104396
-0.0521981
0
0
0
0
0
0
0
0
0
0
0
1.24159
-4.47035e-008
5.3735
-0.104396
11.9006
-0.316399
17.6254
-0.399999
13.5726
-0.316399
0.0790997
-0.104396
-13.5204
-0.866233
18.2564
-2.39211
10.3689
-4.65111
2.69327
-7.33455
-2.26621
-9.88325
-3.44613
-11.7421
-2.1598
-12.3823
0.959798
-10.0812
3.8748
-6.9494
4.18913
-4.51033
2.80455
-3.62979
3.72529e-007
-4.58943
-3.12095
-7.20954
-5.81404
-10.4182
-8.58829
-12.8839
-10.9221
-12.6188
-13.0731
-9.83551
-13.2188
-5.51683
-9.7727
-2.38189
-5.47104
-0.769896
-2.20685
-0.131298
-0.420795
0
0
0
0
0.415593
0.652892
1.90033
2.47121
4.58874
5.24094
8.58943
8.19394
13.3501
9.4563
16.5642
8.87104
18.0971
5.29045
18.398
-0.856313
17.3441
-7.09114
14.6545
-10.6041
10.1894
-9.79394
5.89314
-6.89314
2.68023
-3.65111
0.768754
-1.18263
0.0521981
-0.104396
0
0
-0.284295
0.232097
-1.13043
0.664357
-2.38675
0.949795
-3.70315
0.870695
-4.48396
0.353161
-4.48396
-0.35316
-3.70315
-0.870695
-2.38675
-0.949795
-1.13043
-0.664357
-0.284295
-0.232097
0
0
0
0
0
0
0
0
0
1.24159
-4.47035e-008
5.3735
-2.38419e-007
11.9528
-3.72529e-007
17.7045
4.32134e-007
13.5726
2.98023e-007
0
-5.96046e-007
-13.5726
-0.104396
18.8939
-0.600694
11.6416
-1.58263
4.60474
-3.05631
-0.158845
-4.58744
-1.5984
-5.78835
-1.00536
-6.08396
0.35316
-5.00754
1.52289
-3.16665
1.72969
-1.4836
1.1941
-0.672987
3.72529e-007
-1.35589
-1.47839
-2.78487
-3.36988
-4.08613
-6.40997
-4.8337
-10.0129
-4.91843
-13.5795
-4.46419
-15.7943
-2.51296
-13.0525
-1.05756
-7.28396
-0.337636
-2.99351
-0.0790998
-0.716399
0
0
0
0
0.0521981
0.104396
0.689654
0.866234
2.39479
2.39479
5.24094
4.18874
8.80954
5.41404
12.3754
5.4877
15.5474
3.39393
16.455
-0.529741
14.8197
-4.27823
10.9666
-6.1921
6.89314
-5.49314
3.53654
-3.53654
1.29849
-1.53579
0.232097
-0.284295
0
0
-0.336493
0.336493
-1.53579
1.29849
-3.57201
2.36383
-6.1928
2.93693
-8.70131
2.4949
-10.1823
0.959798
-10.1823
-0.959798
-8.59692
-2.5471
-5.8764
-3.01603
-3.17201
-2.36383
-1.21939
-1.21939
-0.232097
-0.284295
0
0
0
0
0
0
0
1.24159
-4.47035e-008
5.3735
-2.38419e-007
11.9528
-3.72529e-007
17.7045
4.32134e-007
13.5726
2.98023e-007
0
-5.96046e-007
-13.5726
3.72529e-007
18.9461
7.30157e-007
11.9528
-0.104395
5.3213
-0.600693
0.930393
-1.35054
-0.484459
-1.99351
-0.337636
-2.13719
0.0521978
-1.67711
0.416736
-0.950535
0.484458
-0.284293
0.232097
0.0521989
-0.104396
0.300964
-1.04613
0.791364
-3.03225
1.65333
-6.40997
2.84019
-10.3506
3.8635
-14.0118
4.1799
-16.0264
2.51296
-13.0525
1.05756
-7.28396
0.337636
-2.99351
0.0790998
-0.716399
0
0
0
0
0
0
0.179899
0.179899
0.866234
0.689654
2.39211
1.58393
4.57201
2.36383
6.99692
2.5471
8.87789
1.612
9.40239
-0.179899
8.34815
-1.96516
6.1406
-2.83253
3.57201
-2.36383
1.53579
-1.29849
0.336493
-0.336493
0
0
-0.336493
0.336493
-1.61489
1.61489
-3.93654
3.53654
-7.20954
5.41404
-11.1501
6.4563
-15.1052
5.13454
-17.1072
1.83414
-16.9273
-2.01404
-14.471
-5.5399
-9.87304
-6.87304
-5.49314
-5.49314
-2.36383
-3.17201
-0.664357
-1.13043
-0.0521981
-0.104396
0
0
0
0
0
1.24159
-4.47035e-008
5.3735
-2.38419e-007
11.9528
-3.72529e-007
17.7045
4.32134e-007
13.5726
2.98023e-007
0
-5.96046e-007
-13.5726
3.72529e-007
18.9461
7.30157e-007
11.9528
1.92225e-006
5.3735
-9.38773e-007
1.24159
-0.104396
-0.052198
-0.316398
-0.0791002
-0.399997
3.72529e-007
-0.316398
0.0791
-0.104396
0.0521978
9.68575e-007
3.72529e-007
0.131299
-0.420795
0.769896
-1.80685
2.27749
-4.52324
4.86393
-8.58829
8.05631
-12.2651
9.45219
-14.8028
8.35191
-14.4129
5.18033
-10.1092
2.38189
-5.47104
0.769896
-2.20685
0.0269017
-0.368597
-0.420795
0.131298
-0.820795
0.131298
-1.0328
0
-0.820795
-0.131298
-0.316399
-0.0790998
0.496298
0.258999
1.53043
0.664357
2.70315
0.870695
3.62764
0.638598
3.95422
0
3.52325
-0.690796
2.38675
-0.949795
1.13043
-0.664357
0.284295
-0.232097
0
0
-0.232097
0.284295
-1.29849
1.53579
-3.53654
3.93654
-6.89314
6.89314
-11.0457
9.5085
-15.1843
10.6509
-17.524
7.91125
-18.398
2.45631
-17.8128
-3.32255
-15.6136
-9.3555
-11.673
-12.073
-6.55664
-9.79394
-2.91163
-5.8242
-0.949795
-2.38675
-0.131298
-0.420795
0
0
0
0
0
1.24159
-0.104396
5.42569
-0.316399
12.0319
-0.4
17.7045
-0.316399
13.4935
-0.104396
-0.0521981
-5.96046e-007
-13.5726
3.72529e-007
18.9461
7.30157e-007
11.9528
1.92225e-006
5.3735
-9.38773e-007
1.24159
9.68575e-007
3.72529e-007
9.68575e-007
3.72529e-007
9.68575e-007
3.72529e-007
9.68575e-007
3.72529e-007
9.68575e-007
3.72529e-007
9.68575e-007
3.72529e-007
0.0791006
-0.716399
0.416736
-2.67711
1.34299
-6.42764
3.34505
-11.928
6.08953
-14.9996
7.02421
-14.3494
5.53649
-11.8096
3.56184
-7.42893
1.92294
-3.4563
0.380062
-0.898338
-1.07824
0.559961
-2.38675
0.949795
-3.52325
0.690796
-3.95422
0
-3.52325
-0.690796
-2.38675
-0.949795
-1.13043
-0.664357
-0.179899
-0.179899
0.420795
0.131298
0.820795
0.131298
1.0328
0
0.820795
-0.131298
0.420795
-0.131298
0.104396
-0.0521981
0
0
-0.0521981
0.104396
-0.664357
1.13043
-2.36383
3.57201
-5.41404
7.20954
-9.5085
11.0457
-13.5334
13.5334
-14.9474
12.3481
-14.0118
7.81772
-12.9438
2.0201
-11.7501
-4.6965
-10.2398
-11.3815
-8.2764
-15.93
-4.68359
-14.1856
-2.01735
-8.24376
-0.690796
-3.52325
-0.131298
-0.820795
0
0
0
0
-0.179899
1.42149
-0.634137
5.77886
-1.17271
12.3173
-1.4
17.7045
-1.17271
13.208
-0.634137
-0.405359
-0.1799
-13.7525
3.72529e-007
18.9461
7.30157e-007
11.9528
1.92225e-006
5.3735
-9.38773e-007
1.24159
9.68575e-007
3.72529e-007
9.68575e-007
3.72529e-007
9.68575e-007
3.72529e-007
9.68575e-007
3.72529e-007
9.68575e-007
3.72529e-007
9.68575e-007
3.72529e-007
-0.0791006
-0.716399
-0.28544
-2.88911
-0.652198
-6.85861
-1.3799
-12.8024
-2.2
-16.1019
-1.3799
-14.6371
-0.652198
-11.0819
-0.389834
-6.56458
-0.731992
-2.3396
-1.93579
0.729904
-3.8884
2.28473
-6.245
2.78034
-8.34815
1.96516
-9.22249
2.98023e-008
-8.34815
-1.96516
-6.1406
-2.83253
-3.57201
-2.36383
-1.53579
-1.29849
-0.336493
-0.336493
0
0
0
0
0
0
0
0
0
0
0
0
-0.131298
0.420795
-0.949795
2.38675
-2.93693
6.1928
-6.4563
11.1501
-10.6509
15.1843
-12.3481
14.9474
-10.91
10.91
-8.74859
6.15535
-6.74339
0.505777
-5.04392
-6.20822
-3.43895
-12.9321
-1.98675
-17.9963
-0.814036
-16.3273
-0.179899
-9.40239
7.45058e-009
-3.95422
0
-1.0328
0
0
-0.0521981
0.104396
-0.533059
1.95123
-1.41404
6.55875
-2.47711
12.9695
-3
17.7045
-2.47711
12.5558
-1.41404
-1.18526
-0.53306
-14.2822
3.72529e-007
18.9461
7.30157e-007
11.9528
1.92225e-006
5.3735
-9.38773e-007
1.24159
9.68575e-007
3.72529e-007
9.68575e-007
3.72529e-007
9.68575e-007
3.72529e-007
9.68575e-007
3.72529e-007
9.68575e-007
3.72529e-007
9.68575e-007
3.72529e-007
-0.131297
-0.420795
-0.769896
-2.20685
-2.12289
-5.60754
-4.64945
-10.3802
-7.79394
-14.9474
-8.7494
-15.7659
-7.31709
-12.3185
-5.81404
-7.20954
-5.26714
-1.98287
-6.0217
2.27481
-8.22244
4.97201
-11.6008
5.78674
-14.9474
3.99393
-16.1019
1.49012e-008
-14.7675
-4.17383
-10.9666
-6.1921
-6.89314
-5.49314
-3.53654
-3.53654
-1.29849
-1.53579
-0.232097
-0.284295
0
0
0
0
0
0
0
0
0
0
-0.131298
0.820795
-0.870695
3.70315
-2.4949
8.70131
-5.13454
15.1052
-7.91125
17.524
-7.81772
14.0118
-6.25974
8.80079
-4.09474
3.80525
-1.69269
-1.55604
0.379204
-8.01112
2.2635
-14.5827
3.6956
-18.7357
2.6843
-16.0805
1.4321
-9.05779
0.638598
-3.62764
0.131298
-0.820795
0
0
-0.131298
0.420795
-0.818497
2.80754
-2.06623
7.86315
-3.85701
14.3494
-5.2
17.7045
-3.85701
11.1759
-2.06623
-2.48965
-0.818498
-15.1385
3.72529e-007
18.9461
7.30157e-007
11.9528
1.92225e-006
5.3735
-9.38773e-007
1.24159
9.68575e-007
3.72529e-007
9.68575e-007
3.72529e-007
9.68575e-007
3.72529e-007
9.68575e-007
3.72529e-007
9.68575e-007
3.72529e-007
9.68575e-007
3.72529e-007
-0.0521955
-0.104396
-0.664358
-1.13043
-2.25943
-3.51981
-4.94104
-7.18263
-8.38674
-11.6008
-11.6839
-14.9221
-12.4424
-13.9115
-11.003
-8.52211
-10.3506
-1.9686
-11.2498
3.73649
-13.2955
7.85025
-16.1441
9.29114
-17.798
6.06511
-18.1648
-0.104396
-17.265
-6.77475
-14.5501
-10.6563
-9.87304
-9.87304
-5.49314
-6.89314
-2.36383
-3.57201
-0.664357
-1.13043
-0.0521981
-0.104396
0
0
0
0
0
0
0
0
-0.0521981
1.13719
-0.353161
4.48396
-0.959798
10.1823
-1.83414
17.1072
-2.56071
18.4502
-2.62079
13.255
-2.03621
7.40775
-0.783707
1.61489
1.43254
-3.95551
3.53455
-9.87989
5.25701
-16.5494
6.07711
-18.5293
4.17475
-13.865
2.14174
-7.63105
0.818497
-2.80754
0.131298
-0.420795
0
0
-0.131298
0.820795
-0.818497
3.80754
-2.06623
9.46315
-3.85701
16.5494
-5.2
17.7045
-3.85701
8.97594
-2.06623
-4.08965
-0.818498
-16.1385
3.72529e-007
18.9461
7.30157e-007
11.9528
1.92225e-006
5.3735
-9.38773e-007
1.24159
9.68575e-007
3.72529e-007
9.68575e-007
3.72529e-007
9.68575e-007
3.72529e-007
9.68575e-007
3.72529e-007
9.68575e-007
3.72529e-007
9.68575e-007
3.72529e-007
9.68575e-007
3.72529e-007
-0.232097
-0.284295
-1.29849
-1.53579
-3.45744
-4.25294
-6.5286
-8.06585
-10.1081
-11.6692
-13.1522
-13.3352
-13.9441
-9.29114
-14.8703
-1.18081
-16.4703
5.14061
-16.9917
9.43782
-16.264
9.91332
-14.6349
5.60069
-13.855
-0.420795
-13.6598
-7.32324
-13.2961
-13.2961
-10.6563
-14.5501
-6.1921
-10.9666
-2.83253
-6.1406
-0.949795
-2.38675
-0.131298
-0.420795
0
0
0
0
0
0
0
0
0.0521981
1.13719
0.353161
4.48396
0.959798
10.1823
1.83414
17.1072
2.56071
18.4502
2.72519
13.2028
2.68911
6.99216
3.1351
0.336493
4.1727
-5.79806
5.71194
-11.653
6.75422
-17.5126
6.11125
-17.524
4.07104
-11.6044
1.9471
-5.84911
0.585258
-1.84683
0.0521981
-0.104396
0
0
-0.0521981
1.13719
-0.637456
4.71605
-1.73043
10.8466
-2.87711
17.9293
-3.3164
17.6254
-2.5815
7.54384
-1.41404
-5.39405
-0.533059
-16.9948
3.72529e-007
18.9461
7.30157e-007
11.9528
1.92225e-006
5.3735
-9.38773e-007
1.24159
9.68575e-007
3.72529e-007
9.68575e-007
3.72529e-007
9.68575e-007
3.72529e-007
9.68575e-007
3.72529e-007
9.68575e-007
3.72529e-007
9.68575e-007
3.72529e-007
9.68575e-007
3.72529e-007
9.68575e-007
3.72529e-007
-0.336494
-0.336493
-1.61489
-2.01489
-3.93654
-4.93654
-7.20954
-8.01404
-11.1501
-10.2563
-15.1052
-7.33454
-17.1072
0.365864
-17.1072
5.63414
-15.2851
7.55464
-11.912
7.21885
-9.36434
3.99281
-8.05749
-1.05289
-7.46401
-7.46401
-7.32324
-13.6598
-6.77475
-17.265
-4.17383
-14.7675
-1.96516
-8.34815
-0.690796
-3.52325
-0.131298
-0.820795
0
0
0
0
0
0
0
0
0.131298
0.820795
0.870695
3.70315
2.4949
8.70131
5.13454
15.1052
8.09114
17.3441
8.57956
13.3743
8.31015
7.03175
8.21049
-1.19209e-007
8.59445
-6.79966
9.53009
-12.8899
9.66386
-16.9795
6.85094
-15.1843
3.77201
-9.11805
1.50483
-4.10851
0.311197
-1.00069
0
0
0
0
-0.179899
1.42149
-0.814036
5.59896
-1.80685
11.912
-2.57271
18.5815
-2.57271
17.3399
-1.80685
6.53849
-0.814036
-6.35385
-0.179899
-17.5246
3.72529e-007
18.9461
7.30157e-007
11.9528
1.92225e-006
5.3735
-9.38773e-007
1.24159
9.68575e-007
3.72529e-007
9.68575e-007
3.72529e-007
9.68575e-007
3.72529e-007
9.68575e-007
3.72529e-007
9.68575e-007
3.72529e-007
9.68575e-007
3.72529e-007
9.68575e-007
3.72529e-007
9.68575e-007
3.72529e-007
9.68575e-007
3.72529e-007
-0.415595
-0.652892
-1.90033
-2.47121
-4.50964
-4.52454
-8.2249
-5.62122
-12.2812
-3.8748
-13.7622
0.420101
-12.2144
3.64409
-9.63895
4.65561
-6.66174
4.05744
-3.9675
1.92814
-1.93579
-2.33129
-0.652892
-8.05749
-0.104396
-13.7759
4.17233e-007
-18.1126
-1.3411e-007
-16.1019
2.98023e-008
-9.22249
7.45058e-009
-3.95422
0
-1.0328
0
0
0
0
0
0
0
0
0.131298
0.420795
0.949795
2.38675
2.93693
6.1928
6.5085
11.0457
11.0563
14.5501
13.6125
13.217
13.7642
7.27104
13.7237
1.19209e-007
13.7642
-7.27104
13.7169
-13.1648
11.3727
-14.471
6.9085
-11.0457
3.25333
-6.2719
1.05419
-2.43895
0.131298
-0.420795
0
0
-0.0521981
0.104396
-0.637456
2.00343
-1.73043
6.63785
-2.9815
12.9173
-3.6328
18.7879
-2.9815
16.6355
-1.73044
5.47315
-0.637456
-7.23675
-0.0521978
-17.8089
3.72529e-007
18.9461
7.30157e-007
11.9528
1.92225e-006
5.3735
-9.38773e-007
1.24159
9.68575e-007
3.72529e-007
9.68575e-007
3.72529e-007
9.68575e-007
3.72529e-007
9.68575e-007
3.72529e-007
9.68575e-007
3.72529e-007
9.68575e-007
3.72529e-007
9.68575e-007
3.72529e-007
9.68575e-007
3.72529e-007
9.68575e-007
3.72529e-007
-0.0521955
-0.104396
-0.689655
-0.866233
-2.26349
-1.974
-4.47104
-2.38189
-6.60754
-1.52289
-7.28396
0.246839
-6.14746
1.65396
-4.01541
2.04904
-1.42281
1.24744
1.25306
-0.714842
3.65745
-4.22604
5.4136
-9.23305
6.5614
-14.2972
6.59485
-17.4449
4.17383
-14.7675
1.96516
-8.34815
0.690796
-3.52325
0.131298
-0.820795
0
0
0
0
0
0
0
0
0.0521981
0.104396
0.664357
1.13043
2.36383
3.57201
5.49314
6.89314
9.87304
9.87304
14.5501
10.6563
17.265
6.77475
18.1126
2.38419e-007
17.265
-6.77474
14.5501
-10.6563
9.87304
-9.87304
5.49314
-6.89314
2.36383
-3.57201
0.664357
-1.13043
0.0521981
-0.104396
0
0
-0.311197
0.600694
-1.45263
3.2129
-3.23895
8.22769
-5.25701
14.3494
-6.37271
18.5815
-4.49114
14.9025
-2.24613
3.90975
-0.818497
-8.14526
-0.131297
-18.1253
3.72529e-007
18.9461
7.30157e-007
11.9528
1.92225e-006
5.3735
-9.38773e-007
1.24159
9.68575e-007
3.72529e-007
9.68575e-007
3.72529e-007
9.68575e-007
3.72529e-007
9.68575e-007
3.72529e-007
9.68575e-007
3.72529e-007
9.68575e-007
3.72529e-007
9.68575e-007
3.72529e-007
9.68575e-007
3.72529e-007
9.68575e-007
3.72529e-007
9.68575e-007
3.72529e-007
-0.179896
-0.179899
-0.814037
-0.585257
-1.80685
-0.769896
-2.49721
-0.596634
-2.17947
-0.352018
-0.5365
-0.258999
1.90851
-0.389834
4.44323
-1.2246
6.639
-3.11445
8.74859
-6.36414
10.8056
-10.9622
12.0318
-15.0265
10.2509
-15.1843
6.1399
-11.071
2.83253
-6.1406
0.949795
-2.38675
0.131298
-0.420795
0
0
0
0
0
0
0
0
0
0
0.232097
0.284295
1.29849
1.53579
3.53654
3.53654
6.89314
5.49314
10.9666
6.1921
14.7675
4.17383
16.1019
0
14.7675
-4.17383
10.9666
-6.1921
6.89314
-5.49314
3.53654
-3.53654
1.29849
-1.53579
0.232097
-0.284295
0
0
-0.0521981
0.104396
-0.768753
1.58263
-2.54893
5.0719
-4.94334
10.4799
-7.17341
16.4703
-7.78151
17.8771
-5.27104
11.9226
-2.59929
1.78001
-0.870696
-9.24966
-0.131297
-18.5253
3.72529e-007
18.9461
7.30157e-007
11.9528
1.92225e-006
5.3735
-9.38773e-007
1.24159
9.68575e-007
3.72529e-007
9.68575e-007
3.72529e-007
9.68575e-007
3.72529e-007
9.68575e-007
3.72529e-007
9.68575e-007
3.72529e-007
9.68575e-007
3.72529e-007
9.68575e-007
3.72529e-007
9.68575e-007
3.72529e-007
9.68575e-007
3.72529e-007
9.68575e-007
3.72529e-007
9.68575e-007
3.72529e-007
-0.104396
-0.052198
-0.368597
-0.235694
-0.131143
-0.893136
1.28289
-1.92019
4.05561
-2.88473
7.45111
-3.28023
10.318
-3.57201
12.3052
-5.00754
13.8805
-8.23851
14.9474
-12.3482
13.5334
-13.5334
9.5085
-11.0457
5.41404
-7.20954
2.36383
-3.57201
0.664357
-1.13043
0.0521981
-0.104396
0
0
0
0
0
0
0
0
0
0
0
0
0.336493
0.336493
1.53579
1.29849
3.57201
2.36383
6.1406
2.83253
8.34815
1.96516
9.22249
5.96046e-008
8.34815
-1.96516
6.1406
-2.83253
3.57201
-2.36383
1.53579
-1.29849
0.336493
-0.336493
0
0
0
0
-0.415593
0.652892
-1.82123
3.18761
-4.17201
7.51805
-6.98744
13.0851
-8.95422
17.5126
-7.49115
16.1441
-4.72324
9.0584
-2.23253
-0.380695
-0.664357
-10.4224
-0.0521978
-18.8417
3.72529e-007
18.9461
7.30157e-007
11.9528
1.92225e-006
5.3735
-9.38773e-007
1.24159
9.68575e-007
3.72529e-007
9.68575e-007
3.72529e-007
9.68575e-007
3.72529e-007
9.68575e-007
3.72529e-007
9.68575e-007
3.72529e-007
9.68575e-007
3.72529e-007
9.68575e-007
3.72529e-007
9.68575e-007
3.72529e-007
9.68575e-007
3.72529e-007
9.68575e-007
3.72529e-007
9.68575e-007
3.72529e-007
9.68575e-007
3.72529e-007
0.131299
-0.420795
0.949795
-1.98675
2.91163
-4.4242
6.55664
-6.79394
11.673
-7.27304
15.5345
-6.2719
17.4751
-6.31605
17.3927
-8.73204
15.1843
-10.6509
11.0457
-9.5085
6.89314
-6.89314
3.53654
-3.93654
1.29849
-1.53579
0.232097
-0.284295
0
0
0
0
0
0
0
0
0
0
0
0
0
0
0
0
0.284295
0.232097
1.13043
0.664357
2.38675
0.949795
3.52325
0.690796
3.95422
0
3.52325
-0.690796
2.38675
-0.949795
1.13043
-0.664357
0.284295
-0.232097
0
0
0
0
-0.336493
0.336493
-1.61489
2.01489
-3.80525
5.35734
-6.43964
10.2209
-8.76825
15.7273
-9.48396
17.1594
-6.85094
12.9843
-3.77201
6.27646
-1.50483
-2.26499
-0.311198
-11.3521
5.96046e-007
-18.9461
3.72529e-007
18.9461
7.30157e-007
11.9528
1.92225e-006
5.3735
-9.38773e-007
1.24159
9.68575e-007
3.72529e-007
9.68575e-007
3.72529e-007
9.68575e-007
3.72529e-007
9.68575e-007
3.72529e-007
9.68575e-007
3.72529e-007
9.68575e-007
3.72529e-007
9.68575e-007
3.72529e-007
9.68575e-007
3.72529e-007
9.68575e-007
3.72529e-007
9.68575e-007
3.72529e-007
9.68575e-007
3.72529e-007
9.68575e-007
3.72529e-007
0.131299
-0.820795
0.769896
-3.20685
2.38189
-7.07104
5.70032
-11.7085
10.5939
-12.3894
14.3406
-9.11805
15.94
-6.90335
14.8731
-6.45164
11.1501
-6.4563
7.20954
-5.41404
3.93654
-3.53654
1.61489
-1.61489
0.336493
-0.336493
0
0
0
0
0
0
0
0
0
0
0
0
0
0
0
0
0
0
0
0
0.104396
0.0521981
0.420795
0.131298
0.820795
0.131298
1.0328
0
0.820795
-0.131298
0.420795
-0.131298
0.104396
-0.0521981
0
0
-0.104396
0.0521981
-0.652892
0.415593
-2.01489
1.61489
-4.17384
4.17384
-6.8972
8.03895
-9.54815
12.7474
-10.8927
16.455
-8.76734
15.1052
-5.4764
9.77024
-2.60113
3.72591
-0.768755
-3.79086
-0.0521989
-11.8484
5.96046e-007
-18.9461
3.72529e-007
18.9461
7.30157e-007
11.9528
1.92225e-006
5.3735
-9.38773e-007
1.24159
9.68575e-007
3.72529e-007
9.68575e-007
3.72529e-007
9.68575e-007
3.72529e-007
9.68575e-007
3.72529e-007
9.68575e-007
3.72529e-007
9.68575e-007
3.72529e-007
9.68575e-007
3.72529e-007
9.68575e-007
3.72529e-007
9.68575e-007
3.72529e-007
9.68575e-007
3.72529e-007
9.68575e-007
3.72529e-007
9.68575e-007
3.72529e-007
-9.38773e-007
-1.0328
0.052196
-3.84982
0.585255
-8.76825
1.99929
-14.9133
4.4242
-16.0344
7.07104
-11.6044
8.58835
-7.33865
8.16825
-4.44613
6.1406
-3.04133
3.57201
-2.36383
1.53579
-1.29849
0.336493
-0.336493
0
0
0
0
0
0
0
0
0
0
0
0
0
0
0
0
0
0
0
0
0
0
0
0
0
0
0
0
0
0
0
0
0
0
-0.104396
0.0521981
-0.600694
0.311197
-1.58263
0.768753
-3.18761
1.82123
-5.35734
3.80525
-8.03895
6.8972
-10.91
10.91
-12.9823
14.5421
-11.8237
14.8197
-7.8563
11.1501
-4.10964
6.55734
-1.58393
1.55052
-0.311198
-4.7728
-1.37091e-006
-11.9528
5.96046e-007
-18.9461
3.72529e-007
18.9461
7.30157e-007
11.9528
1.92225e-006
5.3735
-9.38773e-007
1.24159
9.68575e-007
3.72529e-007
9.68575e-007
3.72529e-007
9.68575e-007
3.72529e-007
9.68575e-007
3.72529e-007
9.68575e-007
3.72529e-007
9.68575e-007
3.72529e-007
9.68575e-007
3.72529e-007
9.68575e-007
3.72529e-007
9.68575e-007
3.72529e-007
9.68575e-007
3.72529e-007
9.68575e-007
3.72529e-007
9.68575e-007
3.72529e-007
-0.131297
-0.820795
-0.638598
-3.62764
-1.2522
-8.87789
-1.87026
-15.5996
-1.81325
-17.9963
0.522554
-13.9441
2.41772
-8.21631
2.88465
-3.67824
2.25545
-1.37059
1.13043
-0.664357
0.284295
-0.232097
0
0
0
0
0
0
0
0
0
0
0
0
0
0
0
0
0
0
0
0
0
0
0
0
0
0
0
0
0
0
-0.104396
0.0521981
-0.420795
0.131298
-1.00069
0.311197
-1.89903
0.689654
-3.2129
1.45263
-5.0719
2.54893
-7.51805
4.17201
-10.2209
6.43964
-12.7474
9.54815
-14.5421
12.9823
-13.5856
13.5856
-9.8249
10.9666
-5.81404
7.20954
-2.68023
3.65111
-0.768754
-0.0589576
-0.0521986
-5.2691
-1.37091e-006
-11.9528
5.96046e-007
-18.9461
3.72529e-007
18.9461
7.30157e-007
11.9528
1.92225e-006
5.3735
-9.38773e-007
1.24159
9.68575e-007
3.72529e-007
9.68575e-007
3.72529e-007
9.68575e-007
3.72529e-007
9.68575e-007
3.72529e-007
9.68575e-007
3.72529e-007
9.68575e-007
3.72529e-007
9.68575e-007
3.72529e-007
9.68575e-007
3.72529e-007
9.68575e-007
3.72529e-007
9.68575e-007
3.72529e-007
9.68575e-007
3.72529e-007
9.68575e-007
3.72529e-007
-0.131297
-0.420795
-0.818499
-2.80754
-1.96184
-7.81095
-3.54061
-14.1659
-4.8
-18.6835
-3.54061
-16.3659
-2.06623
-9.46315
-1.23929
-3.93884
-0.952093
-0.952093
-1.13719
-0.0521981
-1.24159
0
-1.24159
0
-1.24159
0
-1.24159
0
-1.24159
0
-1.24159
0
-1.24159
0
-1.24159
0
-1.24159
0
-1.24159
0
-1.24159
0
-1.24159
0
-1.24159
0
-1.24159
0
-1.24159
0
-1.42149
0.179899
-1.95123
0.533059
-2.85974
0.922893
-4.2129
1.45263
-5.92821
2.26349
-8.04779
3.41884
-10.4799
4.94334
-13.0851
6.98744
-15.7273
8.76825
-16.455
10.8927
-14.8197
11.8237
-10.9666
9.8249
-6.89314
6.89314
-3.53654
3.93654
-1.29849
1.53579
-0.232097
-0.957296
-2.13087e-006
-5.3735
-1.37091e-006
-11.9528
5.96046e-007
-18.9461
3.72529e-007
18.9461
7.30157e-007
11.9528
1.92225e-006
5.3735
-9.38773e-007
1.24159
9.68575e-007
3.72529e-007
9.68575e-007
3.72529e-007
9.68575e-007
3.72529e-007
9.68575e-007
3.72529e-007
9.68575e-007
3.72529e-007
9.68575e-007
3.72529e-007
9.68575e-007
3.72529e-007
9.68575e-007
3.72529e-007
9.68575e-007
3.72529e-007
9.68575e-007
3.72529e-007
9.68575e-007
3.72529e-007
9.68575e-007
3.72529e-007
-0.0521955
-0.104396
-0.533061
-1.95123
-1.59394
-6.37886
-3.29114
-12.3843
-4.98675
-17.9963
-5.86386
-16.9795
-5.9735
-10.1823
-5.72666
-4.48396
-5.42569
-1.13719
-5.3735
1.49012e-008
-5.3735
1.49012e-008
-5.3735
1.49012e-008
-5.3735
1.49012e-008
-5.3735
1.49012e-008
-5.3735
1.49012e-008
-5.3735
1.49012e-008
-5.3735
1.49012e-008
-5.3735
1.49012e-008
-5.3735
1.49012e-008
-5.3735
1.49012e-008
-5.3735
1.49012e-008
-5.3735
1.49012e-008
-5.3735
1.49012e-008
-5.3735
1.49012e-008
-5.42569
0.104396
-5.77886
0.634137
-6.55875
1.41404
-7.94225
2.38263
-9.82769
3.23895
-11.7843
4.29114
-13.9441
5.89114
-16.4181
7.2778
-17.5126
8.95422
-17.1594
9.48396
-15.1052
8.76734
-11.1501
7.8563
-7.20954
5.81404
-3.93654
3.53654
-1.61489
1.61489
-0.33649
0.336493
4.91738e-007
-1.24159
-2.13087e-006
-5.3735
-1.37091e-006
-11.9528
5.96046e-007
-18.9461
0.820796
18.8148
1.13719
11.9006
1.24159
5.3735
1.24159
1.24159
1.24159
3.72529e-007
1.24159
3.72529e-007
1.24159
3.72529e-007
1.24159
3.72529e-007
1.24159
3.72529e-007
1.24159
3.72529e-007
1.24159
3.72529e-007
1.24159
3.72529e-007
1.24159
3.72529e-007
1.24159
3.72529e-007
1.24159
3.72529e-007
1.24159
3.72529e-007
1.24159
3.72529e-007
1.00949
-1.31709
0.022195
-4.96482
-1.93042
-10.318
-4.63481
-15.93
-7.40752
-15.5655
-9.34606
-9.54815
-10.3059
-4.37956
-10.659
-1.13719
-10.7112
1.3411e-007
-10.7112
1.3411e-007
-10.7112
1.3411e-007
-10.7112
1.3411e-007
-10.7112
1.3411e-007
-10.7112
1.3411e-007
-10.7112
1.3411e-007
-10.7112
1.3411e-007
-10.7112
1.3411e-007
-10.7112
1.3411e-007
-10.7112
1.3411e-007
-10.7112
1.3411e-007
-10.7112
1.3411e-007
-10.7112
1.3411e-007
-10.7112
1.3411e-007
-10.7903
0.316399
-11.0758
1.17271
-11.7279
2.47711
-13.1078
4.25701
-15.3078
5.25701
-16.6086
5.79351
-16.9754
7.54542
-16.5564
8.0979
-14.9025
7.49114
-11.7427
6.85094
-8.52866
5.4764
-5.31575
4.10964
-2.40951
2.68023
-0.294203
1.29849
0.905101
0.336493
1.24159
3.72529e-007
1.24159
-1.24159
1.24159
-5.3735
1.13719
-11.9006
0.820796
-18.8148
3.38675
17.9963
4.55946
11.3675
5.1936
5.1936
5.3735
1.24159
5.3735
3.42727e-007
5.3735
3.42727e-007
5.3735
3.42727e-007
5.3735
3.42727e-007
5.3735
3.42727e-007
5.3735
3.42727e-007
5.3735
3.42727e-007
5.3735
3.42727e-007
5.3735
3.42727e-007
5.3735
3.42727e-007
5.3735
3.42727e-007
5.3735
3.42727e-007
5.3735
3.42727e-007
5.2422
-0.820795
4.3193
-3.43895
2.04107
-7.5555
-1.89954
-12.073
-7.01594
-11.9939
-10.6609
-7.4242
-12.6228
-3.38675
-13.4413
-0.820795
-13.5726
1.04308e-007
-13.5726
1.04308e-007
-13.5726
1.04308e-007
-13.5726
1.04308e-007
-13.5726
1.04308e-007
-13.5726
1.04308e-007
-13.5726
1.04308e-007
-13.5726
1.04308e-007
-13.5726
1.04308e-007
-13.5726
1.04308e-007
-13.5726
1.04308e-007
-13.5726
1.04308e-007
-13.5726
1.04308e-007
-13.5726
1.04308e-007
-13.5726
1.04308e-007
-13.5726
0.4
-13.5726
1.4
-13.5726
3
-13.4935
5.5164
-13.208
6.37271
-12.5036
5.5815
-10.7706
5.89114
-7.79068
5.67104
-4.92649
4.72324
-2.14455
3.77201
0.405992
2.60113
2.58139
1.58393
4.19086
0.768753
5.0892
0.232097
5.3735
3.42727e-007
5.3735
3.42727e-007
5.3735
-1.24159
5.1936
-5.1936
4.55946
-11.3675
3.38675
-17.9963
7.4764
15.93
9.95351
9.95351
11.3675
4.55946
11.9006
1.13719
11.9528
2.08616e-007
11.9528
2.08616e-007
11.9528
2.08616e-007
11.9528
2.08616e-007
11.9528
2.08616e-007
11.9528
2.08616e-007
11.9528
2.08616e-007
11.9528
2.08616e-007
11.9528
2.08616e-007
11.9528
2.08616e-007
11.9528
2.08616e-007
11.9528
2.08616e-007
11.9528
2.08616e-007
11.8215
-0.420795
11.003
-1.98675
8.93677
-4.4764
5.07977
-6.87304
-0.120233
-6.87304
-3.97724
-4.4764
-6.04347
-1.98675
-6.86197
-0.420795
-6.99327
2.08616e-007
-6.99327
2.08616e-007
-6.99327
2.08616e-007
-6.99327
2.08616e-007
-6.99327
2.08616e-007
-6.99327
2.08616e-007
-6.99327
2.08616e-007
-6.99327
2.08616e-007
-6.99327
2.08616e-007
-6.99327
2.08616e-007
-6.99327
2.08616e-007
-6.99327
2.08616e-007
-6.99327
2.08616e-007
-6.99327
2.08616e-007
-6.99327
2.08616e-007
-6.91417
0.316399
-6.62873
1.17271
-5.97653
2.47711
-4.54444
3.9614
-1.99128
4.49114
0.168522
3.89114
2.30502
3.41885
4.72019
2.91569
6.96
2.23253
8.8443
1.50483
10.3702
0.768753
11.3521
0.311197
11.8484
0.0521977
11.9528
2.08616e-007
11.9528
2.08616e-007
11.9528
2.08616e-007
11.9006
-1.13719
11.3675
-4.55946
9.95351
-9.95351
7.4764
-15.93
12.073
12.073
15.93
7.4764
17.9963
3.38675
18.8148
0.820795
18.9461
2.68221e-007
18.9461
2.68221e-007
18.9461
2.68221e-007
18.9461
2.68221e-007
18.9461
2.68221e-007
18.9461
2.68221e-007
18.9461
2.68221e-007
18.9461
2.68221e-007
18.9461
2.68221e-007
18.9461
2.68221e-007
18.9461
2.68221e-007
18.9461
2.68221e-007
18.9461
2.68221e-007
18.8939
-0.104397
18.3608
-0.814036
16.9468
-1.99929
14.4697
-3.01603
11.4697
-3.01603
8.99256
-1.99929
7.57853
-0.814036
7.04547
-0.104397
6.99327
2.68221e-007
6.99327
2.68221e-007
6.99327
2.68221e-007
6.99327
2.68221e-007
6.99327
2.68221e-007
6.99327
2.68221e-007
6.99327
2.68221e-007
6.99327
2.68221e-007
6.99327
2.68221e-007
6.99327
2.68221e-007
6.99327
2.68221e-007
6.99327
2.68221e-007
6.99327
2.68221e-007
6.99327
2.68221e-007
6.99327
2.68221e-007
7.04547
0.104396
7.39863
0.634137
8.17853
1.41404
9.48292
2.06623
11.2628
2.24613
13.097
1.9471
14.7332
1.45263
16.1907
0.975091
17.4156
0.664357
18.3454
0.311197
18.8417
0.0521977
18.9461
2.68221e-007
18.9461
2.68221e-007
18.9461
2.68221e-007
18.9461
2.68221e-007
18.9461
2.68221e-007
18.8148
-0.820795
17.9963
-3.38675
15.93
-7.4764
12.073
-12.073
